{
 "cells": [
  {
   "cell_type": "code",
   "execution_count": 0,
   "metadata": {
    "colab": {},
    "colab_type": "code",
    "id": "p2yCI35Ec7YE"
   },
   "outputs": [],
   "source": [
    "from google.colab import drive \n",
    "drive.mount('/content/gdrive', force_remount=True)\n",
    "\n",
    "import torchvision\n",
    "import torch\n",
    "import numpy as np\n",
    "import scipy.stats\n",
    "import sklearn.manifold\n",
    "import matplotlib.pyplot as plt\n",
    "from matplotlib.patches import Rectangle\n",
    "import seaborn\n",
    "import pandas as pd\n",
    "import sklearn\n",
    "import os\n",
    "import pickle\n",
    "import time\n",
    "from scipy.spatial import distance\n",
    "from sklearn.metrics.pairwise import manhattan_distances\n",
    "from sklearn.manifold import TSNE, MDS\n",
    "from sklearn.decomposition import PCA\n",
    "from mpl_toolkits.mplot3d import Axes3D\n",
    "\n",
    "ROOT_PATH = 'gdrive/My Drive/NI Project - RSA/'"
   ]
  },
  {
   "cell_type": "code",
   "execution_count": 0,
   "metadata": {
    "colab": {},
    "colab_type": "code",
    "id": "TRPDw8VnKe4E"
   },
   "outputs": [],
   "source": [
    "def corr_dist(triu_model_1, triu_model_2):\n",
    "  return 1 - scipy.stats.spearmanr(triu_model_1.flatten(), triu_model_2.flatten())[0]"
   ]
  },
  {
   "cell_type": "code",
   "execution_count": 0,
   "metadata": {
    "colab": {},
    "colab_type": "code",
    "id": "H0zn1ZEQQUS9"
   },
   "outputs": [],
   "source": [
    "def manhattan_dist(triu_model_1, triu_model_2):\n",
    "  return np.sum(np.abs(triu_model_1.flatten() - triu_model_2.flatten()))"
   ]
  },
  {
   "cell_type": "code",
   "execution_count": 0,
   "metadata": {
    "colab": {},
    "colab_type": "code",
    "id": "t0BNihnmc4aY"
   },
   "outputs": [],
   "source": [
    "import gc"
   ]
  },
  {
   "cell_type": "code",
   "execution_count": 0,
   "metadata": {
    "colab": {},
    "colab_type": "code",
    "id": "fzzMSo-mKpdQ"
   },
   "outputs": [],
   "source": [
    "def calc_rdm(dist_fun):#=files, corr_distances_dict=corr_distances_dict):\n",
    "  n = len(files_sorted)\n",
    "  rdm = np.zeros((n,n))\n",
    "  for i in range(n):\n",
    "      for j in range(i + 1, n):\n",
    "          rdm[i,j] = rdm[j, i] = dist_fun(data[acc_sorted_idx[i]], data[acc_sorted_idx[j]])\n",
    "          print(i, j, rdm[i,j])\n",
    "          gc.collect()\n",
    "  return rdm"
   ]
  },
  {
   "cell_type": "markdown",
   "metadata": {
    "colab_type": "text",
    "id": "1_dVAyOUdgvw"
   },
   "source": [
    "## Eucledian distance"
   ]
  },
  {
   "cell_type": "code",
   "execution_count": 0,
   "metadata": {
    "colab": {
     "base_uri": "https://localhost:8080/",
     "height": 318
    },
    "colab_type": "code",
    "id": "A_uKIX0oYxgH",
    "outputId": "1ac8ab7f-66f5-45a9-d9f6-9b42acfc88bf"
   },
   "outputs": [
    {
     "name": "stdout",
     "output_type": "stream",
     "text": [
      "0\n",
      "1\n",
      "2\n",
      "3\n",
      "4\n",
      "5\n",
      "6\n",
      "7\n",
      "8\n",
      "9\n",
      "10\n",
      "11\n",
      "12\n",
      "13\n",
      "14\n",
      "15\n",
      "16\n",
      "17\n"
     ]
    }
   ],
   "source": [
    "rdm = calc_rdm(distance.euclidean)"
   ]
  },
  {
   "cell_type": "code",
   "execution_count": 0,
   "metadata": {
    "colab": {
     "base_uri": "https://localhost:8080/",
     "height": 269
    },
    "colab_type": "code",
    "id": "zFlkWUarZgVi",
    "outputId": "515e300c-0ce2-4214-8df2-963d83fe2485"
   },
   "outputs": [
    {
     "data": {
      "image/png": "iVBORw0KGgoAAAANSUhEUgAAAWMAAAD8CAYAAACihcXDAAAABHNCSVQICAgIfAhkiAAAAAlwSFlz\nAAALEgAACxIB0t1+/AAAADl0RVh0U29mdHdhcmUAbWF0cGxvdGxpYiB2ZXJzaW9uIDMuMC4zLCBo\ndHRwOi8vbWF0cGxvdGxpYi5vcmcvnQurowAAIABJREFUeJzt3XuYXFWZ7/Hvry8JuRCSEBNCkjFR\nIOJwHGAiwoiIRB1EJDqjHPHygMJhZo4oqDMK+jyDPHM4xzs66jAnI5HMiEEGcUQGMYhg9AwitwCB\nRG5yScgFiDGEQNKX9/yxd7AM3elda+/q3t39+zzPfrqqer+1VldXr1q99lrvUkRgZmZDq22oK2Bm\nZm6MzcxqwY2xmVkNuDE2M6sBN8ZmZjXgxtjMrAbcGJuZ1YAbYzOzGnBjbGZWAx2DWdgFImm53ze/\nti25zM7jNifH9vxkanLs5undybGzHxqbHPv8+N7k2N72tNWYjy47OLnMeSevSY599MDnk2NnrBuT\nHDtpc3ty7NapPcmx/3D6D5Njz1h0QXLs/ifenhT3zJT0vwGAZ949WaWeAEAq9qaOKF9WSe4Zm5nV\nwKD2jM3MBlX78OlvlqqppOMl/VrSg5LOrapSZmaVGNNe7KiB5J6xpHbgG8CbgLXArZKujoj7qqqc\nmVkpHUM+FFxYmWGKI4AHI+JhAEmXA4sAN8ZmVg+jZJhiFvB4w/21+WN/QNKZkm6TdNttLC5RnJlZ\nk9pV7ChA0hJJmyStanhsqqTrJT2Qf52SPy5J/5gP4d4t6fCBnr/lHxsRsTgiFkTEggWc2erizMx+\nr72t2FHMpcDxuz12LnBDRBwI3JDfB3gLcGB+nAlcPNCTl2mM1wFzGu7Pzh8zM6uHChvjiFgB7L5w\nYRGwNL+9FHh7w+P/GplfApMlzdzT85cZM74VOFDSPLJG+N3Ae0o8n5lZtVo/U2JGRKzPb28AZuS3\n+xvGXU8/khvjiOiWdBbwY6AdWBIR96Y+n5lZ5YqPB58JfzCOujgimrrIFRGhoiv++lBq0UdEXAtc\nW+Y5zMxapqPwEMRiSJphsFHSzIhYnw9DbMofb3oYd1BX4KXmmDjjwxOTy1x2/5PJsc8lR8Je29OH\n44civ0QpE9PzPJSpb2dX+hxS9abH7twrvc5lfrfPt5X4cy3xO0rVuaMG08oK9oxLuBo4Ffhs/vUH\nDY+flU/5fQ3wu4bhjD55ObSZjVwVzjOWtAw4FpgmaS1wPlkjfIWk04FHgZPz068FTgAeBLYDHxjo\n+d0Ym9nIVeEFvIg4pZ9vLezj3AA+1Mzzl81N8aJJ0GZmtVHtPOOWKluLS3nxJGgzs3qocAVeq5Wd\nTbFC0txqqmJmVrGa9HqLaHlNG3NTbPt/S1pdnJnZ742WnnERjfP35nx92xDMuzKzUWsY9Yw9m8LM\nRq6aJI4vwo2xmY1cw6hnXHZq2zLgZmC+pLX5xGczs3oYLWPGe5gEbWY29IZRz3hQhyk6j9s9FWgx\nZfJLnHLQvOTYb695JDl233FdybG/WZeei2Pa1B3JscnOfjg5dNw/pf9uZ+5IHw/c8dL02C0lci7s\n3Jkee/TaB5JjWf5gcuj0z29Iiustkf8jM6lkPLXp9RbhMWMzG7l8Ac/MrAaG0TBFck0lzZF0o6T7\nJN0r6ewqK2ZmVtoouYDXDXw8Iu6QtDdwu6TrI+K+iupmZlbOMOoZl9l2aT35fk4R8Yyk1WR7PLkx\nNrN6qEmvt4hKxozzZEGHAbdU8XxmZpUYRj3j0jWVNBH4HnBORGzt4/svJAraesV3yhZnZlZcZ3ux\nowZK9YwldZI1xJdFxFV9ndOYKOhl9z3mREFmNniGUc84uTGWJOASYHVEfLm6KpmZVWQYjRmX+dh4\nLfB+4DhJK/PjhIrqZWZW3jDadqnMbIpfAMPnY8fMRp9h1DMe1BV4PT+ZmhT3XIkyy+SXeN8r5ibH\nfvXSF13LLOyAe8Ymx+71bPqbryf1Osbb5ieXOeVrs5Jjb1u4LTn2JU+MSY496P7O5NhH/nhncuxN\nx7wiOfbQRemxT/9wv6S4Z/fuTS4TgPS0Mr/XVo9ebxFeDm1mI5dzU5iZ1cBoGKaQtBewAhibP8+V\nEXF+VRUzMyttlAxT7ACOi4ht+XzjX0j6UUT8sqK6mZmVMxp6xhERwK4rKJ354UUdZlYfNZm2VkTZ\nFXjtwO3AAcA3IsK5KcysPmqy1LmIUh8bEdETEYcCs4EjJB2y+zmNuSm2/deSMsWZmTWnTcWOGqhk\nNkVEbJF0I3A8sGq3772Qm+Kl/7jNwxhmNniG0TBFmZ0+XiJpcn57HPAmYE1VFTMzK22U9IxnAkvz\nceM24IqIuKaaapmZVWAY9YzLzKa4myyhvJlZPdWk11vEoK7A2zy9Oylur+3pn277jutKji2TX+Ls\n0yYlx35x2Zbk2M4d6a9VZ1faG3fGobey8RfHJMWueXV65pH9Hk/PL1HGfa9Jr/P2yWl/AwCbNT45\nlinpsVumpdV5zv3pOVYqU+FsCkkfBc4gm8J7D/ABshGCy4F9yWaWvT8ikhKQDJ8+vNVWakNs1nIV\npdCUNAv4CLAgIg4B2oF3A58DLoqIA4DfAqenVtWNsZmNXNVewOsAxknqAMaTbch8HHBl/v2lwNuT\nq5oauIukdkl3SvLFOzOrl7a2Qkfjeoj8OLPxaSJiHfBF4DGyRvh3ZMMSWyJi1zjOWiA5J2wVY8Zn\nA6uB9EFSM7NWKJibonE9RF8kTQEWkWVZ3gL8O9m6isqU6hlLmg28FfhmNdUxM6tQwZ5xAW8EfhMR\nT0ZEF3AV2dZzk/NhC8hWIq9LrmpqYO4rwCeAkin9zcxaoLOt2DGwx4AjJY3PN2NeCNwH3Ai8Mz/n\nVOAHqVUtswLvRGBTRNw+wHkvjMV03XBpanFmZs2rqGecJ0G7EriDbFpbG9mwxieBj0l6kGx62yWp\nVS0zZvxa4KR8R+i9gEmSvh0R72s8qXEsZu/Ltzg3hZkNmt6CMyWK9ErzzTN230DjYeCIJquVXIc+\nRcR5ETE7IuaSzbf76e4NsZnZUOptayt01IH3wDOzEatoz7gOqkqheRNwUxXPZWZWla6Cy6GHZmH9\nHxrUnvHsh9LWqj8/Pn2yxm/WTUyOPeCe9LX1ZfJL/O0pk5Njf/yhpGXxADw3Ke11Pmz/m7lzxfyk\n2IMnjkuKA7jzDc8mx05f15kce8yV6e+pTXN7kmNftvCp5Fgeejo5dOq8tGbi8YN2JJeZSX9v7BI1\nGYIowsMUVlpqQ2zWaqNumMLMrI5GTWMs6RHgGaAH6I6IBVVUysysCnWZKVFEFT3jN0REicEsM7PW\nGDU9YzOzOutqry65fKuV7cMHsFzS7bunnDMzG2q9bSp01EHZxvjoiDgceAvwIUkv2vKhMTfFlluT\nl22bmTUt2toKHXVQqhZ5wmUiYhPwffpYox0RiyNiQUQsmPzq5B1JzMyaNip6xpImSNp7123gzcCq\nqipmZlbWaMlNMQP4fpbakw7gOxFxXSW1MjOrQK/q0estIrkxjoiHgT+psC5mZpXq7hg+sykGdWpb\nao6J3vb0NMjTpqavj9/r2fRP1c4d6f/6lMkv8effSE95cu05aa/Va159P7c8fnhS7Lht6a/xjrHp\nOUt2jk1/T23eP73cDXO7kmO3dIxPjuUlE5JD23rSfkcdXUPfK+0ZDT1js11SG2KzVqvLeHARbozN\nbMSKYdQzLrs79GRJV0paI2m1pKOqqpiZWVnDaWpb2Z7xV4HrIuKdksYAJQa1zMyq1T2MlkMnN8aS\n9gGOAU4DiIidQPqVJzOzio2KqW3APOBJ4FuS/gS4HTg7ItK3XzAzq1DPMLqAV6amHcDhwMURcRjw\nLHDu7ic15qZ45uYlJYozM2tOr1ToqIMyjfFaYG1E3JLfv5Kscf4Djbkp9j7qgyWKMzNrzqhojCNi\nA/C4pF0boC0E7qukVmZmFRhOWdvKzqb4MHBZPpPiYeAD5atkZlaN7po0tEWUaowjYiXgfe/MrJbq\nMgRRxKCuwCuTY2Io9JSYothZYl3+c5PScx+k5pcAOOErY5PiLuBezn/bK5Jit05L/1nHlsj/USZv\nQveY9Pdxan4WgF5KNCw96eV2d6b9vGNK/H6q0quhr0NRXg5tpaU2xGat5p6xmVkN9NRkqXMRZXb6\nmC9pZcOxVdI5VVbOzKyMnrb2QkcdlEku/2vgUABJ7cA6sn3wzMxqodQ4+yCranR7IfBQRDxa0fOZ\nmZVW5aKPvrJUSpoq6XpJD+Rfp6TWtarG+N3Asoqey8ysEr1qK3QUtCtL5SvItpxbTZYC4oaIOBC4\ngT5SQhRVujHOF3ycBPx7P99/ITfFtv9ybgozGzxV9YwbslReAlmWyojYAiwCluanLQXenlrXKmZT\nvAW4IyI29vXNiFgMLAZ46T9uG14Tjc1sWKtwD7w+s1QCMyJifX7OBmBGagFVDFOcgocozKyGutVe\n6Gj8Dz4/ztztqQbMUhkRASR3OEv1jCVNAN4E/FWZ5zEza4Wie+A1/gffj76yVJ4LbJQ0MyLWS5oJ\nbEqta6mecUQ8GxH7RsTvyjyPmVkrVDVmvIcslVcDp+aPnQr8ILWuXoFnZiNWxfOM+8pS2QZcIel0\n4FHg5NQnH9TG+NFlB6cFThyTXujZD6fHvm3+wOf0Z9u49NgHN6fH7jcxPfZtPUlhF/xwTXKRt578\n35JjuaPEDl8lEuewM+11AmBF+jXsO978P5NjJ51+XXLs1i8kJmacWuJvAOCMO8vFU22ioD1kqVxY\nxfO7Z2xmI9ZwWoFX9gLeR4EzyK4g3gN8ICKer6JiZmZldQ2jFJplEgXNAj4CLIiIQ4B2spV4Zma1\nMJz2wCs7TNEBjJPUBYwHnihfJTOzasRoGKaIiHWSvgg8BjwHLI+I5ZXVzMyspOG000eZYYopZOuy\n5wH7AxMkva+P815Y2bJ447b0mpqZNakXFTrqoMwwxRuB30TEkwCSrgL+DPh240l/sLLlqDnOTWFm\ng6a7ssSUrVemMX4MOFLSeLJhioXAbZXUysysAhUmCmq5MmPGt0i6ErgD6AbuZM9ru83MBlVdhiCK\nKDWbIiLOB86vqC5mZpXqHSXDFGZmtTYqpralmHdyWg6D3vb0637j/unJ5NgpX5uVHLvm1c8lxx48\nMX1N/7ht6W++rdPS8jWUyS9xwRX3JMd+5j+fSo6d/sTY5Ni596bnSnni5V3JsR+f9ePk2K0Xvi05\n9mWvvz0p7umZ6T8rQBWpIEfNMIWZWZ0Np9kUpWoq6WxJqyTdK+mcqiplZlaFHlToqIMyiz4OAf4H\ncATZTqknSjqgqoqZmZUVqNBRB2V6xgcDt0TE9ojoBn4G/EU11TIzK284rcAr0xivAl4nad984ccJ\nwJxqqmVmVl5PqNBRB8mNcUSsBj4HLAeuA1YCL9oCoTE3xTM3L0muqJlZs0ZLz5iIuCQi/jQijgF+\nC9zfxzmLI2JBRCzY+6gPlinOzKwpPbQXOuqg7E4f0yNik6Q/IhsvPrKaapmZlddbdAiiBp3jsvOM\nvydpX6AL+FBEbKmgTmZmlajLtLUiyuameF1VFTEzq1rU5OJcEV6BZ2YjVl0uzhUxqI3xowembRzd\n2ZX+gs7ckT44f9vC9J1J9ns8PX/BnW94Njl2x9i0/BIAY3ckXs+9I72+ZfJLfOat05JjL/1yep3v\nPnp7cuzz41404aiwzuhOjuXJ9J93/clpsfutnJBcZlW6Yvgsh3bP2MxGLA9TmJnVwHAaphiwDy9p\niaRNklY1PDZV0vWSHsi/TmltNc3MmtcbKnTUQZEBlUuB43d77Fzghog4ELghv29mVisjajl0RKwA\nNu/28CJgaX57KfD2iutlZlbaaMjaNiMi1ue3NwAz+juxMTdFXLe0v9PMzCrX1dtW6KiD0hfwIiIk\n9bsvUkQsJt81uu2ap9P3TzIza1LvMGpxUj8SNkqaCZB/3VRdlczMqhGhQkcdpDbGVwOn5rdPBX5Q\nTXXMzKozomZTSFoG3AzMl7RW0unAZ4E3SXoAeGN+38ysVqrOZyypXdKdkq7J78+TdIukByV9V1Ly\n0tsBx4wj4pR+vrUwtVAzs8HQgmlrZwOrgUn5/c8BF0XE5ZL+GTgduDjliQd1Bd6MdWkfGupNf0F3\nvDQ9N8VLnkjPL1HG9HWdybE7x6ZfsehIzQHSk54PY/oTY5Njy+SXOO1j6XkTlnw1/TV+Zp/092Nb\nlLgatTM9J8aY9Wl/B73tQ3/1rKenupkSkmYDbwUuBD4mScBxwHvyU5YCn2E4NMZmZoOp4p7xV4BP\nAHvn9/cFtuQbMgOsBWalPnk9JtiZmbVA0Qt4jesh8uPMxueRdCKwKSJub1VdB+wZS1oC7KrIIflj\n7yLrjh8MHBERt7WqgmZmqYpOW2tcD9GP1wInSToB2ItszPirwGRJHXnveDawLrWuqbkpVpHtebci\ntWAzs1arampbRJwXEbMjYi7wbuCnEfFe4Ebgnflppab5FplNsULS3N0eWw2QjV+bmdVTV0/L26hP\nApdL+l/AncAlqU/U8jHjxrGY7T//VquLMzN7QStW4EXETRFxYn774Yg4IiIOiIh3RcSO1Lq2fDZF\n41jMzP/7zNDPdTGzUaMuq+uK8NQ2MxuxekqsURhsbozNbMQaTj3jpNwUkt4haS1wFPCfkn7c6oqa\nmTUreosddVAmN8X3K66LmVmluitcDt1qgzpMMWlz2rr8nXulX/fbsiP9l3HQ/ek5Iu57zXPJscdc\nOTE5dvP+6R/z3WMSX+cSeQ/m3pue/+Puo7cnx5bJL/HBs9N/P1d9+vnk2Am9O5Nj6Un/eSc/ldZM\nbJ7ePfBJLVaX/e2K8JixmY1Y4Qt4ZmZDb0RtuyRpiaRNklY1PPYFSWsk3S3p+5Imt7aaZmbN6+lV\noaMOUnNTXA8cEhGvAu4Hzqu4XmZmpfX0tBU66mDAWkTECmDzbo8tb8jh+UuybEVmZrXS21vsqIMq\nPhI+CPyov2825qbY8qslFRRnZlZMb68KHXVQ6gKepE8D3cBl/Z3TmJti/v/ZPoyG081suKvLeHAR\nyY2xpNPIks4vjCizOZeZWWvUpddbRFJjLOl4sr2gXh8R6TPvzcxaqC5LnYsosu3SMuBYYFqej+J8\nstkTY4Hr8wTzv4yIv25hPc3MmtZVk5kSRaTmpkjOZm9mNljqMlOiiEFdgbd1aloOg+fHp7+iO3em\nfzI+8sfpuQC2T05fl79pbnquhw1zu5Jjk1/nFemXDJ54eYn6jkt/nZ7ZJy1PCpTLL/EXF+6VHDvp\nvPR8J/Sk/w1tmZb2Xi7zN1AVL4c2M6uBEX8Bz8xsOCjxD8GgS81N8Q95XoqVkpZL2r+11TQza95w\nWvSRmpviCxHxqog4FLgG+PuqK2ZmVlZ3lwoddVBkNsUKSXN3e2xrw90JgBd9mFnt1KXXW0TyVANJ\nF0p6HHgve+gZN+am2P7zb6UWZ2bWtFGRKCgiPh0Rc8jyUpy1h/MWR8SCiFgw/nUfSC3OzKxp6lWh\now6qWJ5yGfCXFTyPmVml2ntU6KiD1NwUB0bEA/ndRcCa6qpkZlaNju56NLRFpOamOEHSfKAXeBRw\nXgozqx2lL9IcdM5NYWYjVntNxoOL0GCmIv5m93eSCnu+LX2h4NFrHxj4pH7cNOcVybGbNT459mVd\nTyXHbulIL7eXtDfusevSR6lWzJqfHNsZ6bkP2kq87yf0pucsmbQzPb/EXRP/Kjn29U9dlBy7asqs\npLgn2vZJLhPgf/PnpVvSfb6zpdAv+nfvmTzkrbaXQ5vZiNVWk4tzRbgxNrMRqy7T1opIyk3R8L2P\nSwpJ01pTPTOzdJ1dKnTUQWpuCiTNAd4MPFZxnczMKtHWU+wYiKQ5km6UdJ+keyWdnT8+VdL1kh7I\nv05JrutAJ0TECmBzH9+6iGwfPOelMLNaqnAFXjfw8Yh4JXAk8CFJrwTOBW6IiAOBG/L7SVIXfSwC\n1kXEXfkeeGZmtdNe0TzjiFgPrM9vPyNpNTCLbNHbsflpS4GbgE+mlNH0cmhJ44FPUTBtZmOioBX/\n8tNmizMzS9bWW+xobKfy48z+njPPYnkYcAswI2+oATYAM1LrmtIzfjkwD9jVK54N3CHpiIjYsPvJ\nEbEYWAzp84zNzFIUndrW2E7tiaSJwPeAcyJia+PIQESEpOQ2runGOCLuAaY3VO4RYEFEpK9UMDNr\ngY4KZ0pI6iRriC+LiKvyhzdKmhkR6yXNBDalPn+RqW3LgJuB+ZLWSjo9tTAzs8FU4WwKkaWBWB0R\nX2741tXAqfntU4EfpNY1NTdF4/fnphZuZtZKbdUt+ngt8H7gHkkr88c+BXwWuCLvpD4KnJxawKCu\nwDtj0QVpgRPHpBe6/MHk0EMXpeemYEp6jggeejo99iUT0mMTt9KddPp1yUVuvfBtybE8+Wx67M4S\nl9l7Slz6KLFd8eSntifH/mzaR5Njzz/1sLTAMn8DABf9ebl4qsvaFhG/gH6TtyysogwvhzazEasu\nieOLcGNsZiNWR9dQ16C4pNwUkj4jaZ2klflxQmuraWbWPPWo0FEHybkpgIsi4tD8uLbaapmZldfe\nU+yogyKzKVbkK07MzIaVItPW6qLM7tBnSbo7H8ZIzlRkZtYqbT0qdNRBamN8Mdmy6EPJkmd8qb8T\nG9d8L35sS2JxZmbNU2+xow6SZlNExMZdtyX9C3DNHs79/Zrvt853bgozGzSdO+vR6y0iNYXmzIZM\nRe8AXrQLiJnZUBtOY8YDNsZ5bopjgWmS1gLnA8dKOpQssfwjQPq2tWZmLTKiGuN+clNc0oK6mJlV\nqi4X54oY1BV4+594+2AWB8D0z78oxXJhT/9wv+TYLdO6k2Onzkv/tZR583V3pg3pb/3CguQyX/b6\n9PfE+pPTc1OMWZ+e72TyU+m/nzLviwunLE+OTc4vAVyw9M6kuM9e+dvkMgGeKxWdGVE9YzOz4cqN\nsZlZDXQMo9kUSbkp8sc/LGlNvm3151tXRTOzNFUllx8MRXrGlwJfB/511wOS3kC2K+qfRMQOSdP7\niTUzGzJ1aWiLSM1N8TfAZyNiR35O8r5PZmatMpwa49Tl0AcBr5N0i6SfSXp1lZUyM6vCaMhN0QFM\nBY4E/o5sD6g+f6LG3BTbf7EksTgzs+Z17Cx21EHqbIq1wFUREcCvJPUC04Andz+xMTfF/hdvc24K\nMxs0o2GY4j+ANwBIOggYAzxVVaXMzKowomZT9JObYgmwJJ/uthM4Ne8lm5nVRl3Gg4tIzU0B8L6K\n62JmVqm69HqLGNQVeM9MSVuX37kjfUOS3t70T8Zn907POj3n/rHJsY8ftCM5tqMr/ecdk/g6zzjp\nVjb+4pik2Kdnpm/fu9/KCcmxve3p/8htnp6eX2L75PTYJ9r2SY5lyvjk0NQcE+e+s+QGQBX8r+3G\n2EaV1IbYrNXqMlOiCDfGZjZijaiesaQlwInApog4JH/su8D8/JTJwJaIOLRltTQzS9CWPio06JJy\nU0TEf991W9KXgN9VXjMzs5JG2myKvnJTAJCvujsZOK7aapmZlTeihikG8DpgY0Q8UEVlzMyqNJwa\n4/Q5Y5lTgGV7OqExN0XXDZeWLM7MrLjRkJsCSR3AXwB/uqfzGnNT7H35Fq/SM7NBM1p6xm8E1kTE\n2qoqY2ZWpSpzU0g6XtKvJT0o6dzK61qgAsuAm4H5ktZKOj3/1rsZYIjCzGwotXUXOwYiqR34BvAW\n4JXAKZJeWWVdk3NTRMRpVVbEzKxqFQ5THAE8GBEPA0i6nGzrufuqKsAr8MxsxKrw4tws4PGG+2uB\n11T27AARUYsDONOxIzN2uNXXsfUusxUHcCZwW8Nx5m7ffyfwzYb77we+XmkdhvpFaPjhbnPsyIwd\nbvV1bL3LHIoDOAr4ccP984Dzqiyj7DxjM7PR4FbgQEnzJI0hm8BwdZUFeMzYzGwAEdEt6Szgx0A7\nsCQi7q2yjDo1xosdO2Jjh1t9HVvvModERFwLXNuq51c+/mFmZkPIY8ZmZjVQi8Y4dZmhpCWSNuW7\nVDdb5hxJN0q6T9K9ks5uInYvSb+SdFcee0GTZbdLulPSNU3GPSLpHkkrJd3WZOxkSVdKWiNptaSj\nCsbNz8vbdWyVdE4T5X40f41WSVomaa8mYs/O4+4dqMy+3guSpkq6XtID+dc+N2XrJ/Zdebm9khY0\nWe4X8tf5bknflzS5idh/yONWSlouaf+isQ3f+7ikkDStYJmfkbSu4Xd8QjNlSvpw/vPeK+nzTfys\n320o8xFJK/uKHTVqMGWkHXgIeBkwBrgLeGXB2GOAw4FVCeXOBA7Pb+8N3N9EuQIm5rc7gVuAI5so\n+2PAd4BrmqzzI8C0xNd5KXBGfnsMMDnxd7UBeGnB82cBvwHG5fevAE4rGHsIsAoYT3Zt4yfAAc28\nF4DPA+fmt88FPtdE7MFku9ncBCxostw3Ax357c81We6khtsfAf65aGz++Byyi0yP9vVe6afMzwB/\nW+B30lfsG/Lfzdj8/vRm6tvw/S8Bf5/y3h4pRx16xi8sM4yIncCuZYYDiogVwOaUQiNifUTckd9+\nBlhN1ngUiY2I2Jbf7cyPQoPvkmYDbwW+2XSlE0nah+yP4RKAiNgZEVsSnmoh8FBEPNpETAcwLs/y\nNx54omDcwcAtEbE9IrqBn5FlCexTP++FRWQfQuRf3140NiJWR8SvB6pkP7HL8zoD/BKY3UTs1oa7\nE+jnfbWH9/5FwCcS4gbUT+zfAJ+NiB35OZuaLbdhk4pRneumDo1xX8sMCzWKVVG2k8lhZD3cojHt\n+b9Vm4DrI6Jo7FfI/lh6m6wmZH9gyyXdLunMJuLmAU8C38qHR74pKWWf+6aSQ0XEOuCLwGPAeuB3\nEbG8YPgq4HWS9pU0HjiBrNfXjBkRsT6/vQGY0WR8FT4I/KiZAEkXSnoceC/w903ELQLWRcRdzVUR\ngLPy4ZEl/Q3n9OMgst/TLZJ+JunVCWV7kwrq0RgPKUkTge8B5+zWK9mjiOiJbBPW2cARkg4pUNau\njV1vT6zu0RFxOFnmqA9JOqZgXAfZv4gXR8RhwLNk/7YXpmyi+0nAvzcRM4WsdzoP2B+YIOl9RWIj\nYjXZv/jLgeuAlUBy2pfI/hc+GxEgAAACs0lEQVQe1KlDkj4NdAOXNRMXEZ+OiDl53FkFyxoPfIom\nGu8GFwMvBw4l+9D8UhOxHcBU4Ejg74Ar8p5uMwbcpGI0qENjvI4/7PHMzh9rOUmdZA3xZRFxVcpz\n5P/u3wgcX+D01wInSXqEbDjmOEnfbqKsdfnXTcD3yYZ4ilgLrG3ovV9J1jg34y3AHRGxsYmYNwK/\niYgnI6ILuAr4s6LBEXFJRPxpRBwD/JZsXL8ZGyXNBMi/9vkvdCtIOo1sV/X35h8EKS4D/rLguS8n\n+9C7K39/zQbukLTfQIERsTHvXPQC/0Lx9xVk762r8qG7X5H9x/eiC4f90e83qfhuE2WOSHVojFu+\nzLAv+af3JcDqiPhyk7Ev2XWFXNI44E3AmoHiIuK8iJgdEXPJfs6fRkShnqKkCZL23nWb7CJRoVkk\nEbEBeFzS/PyhhTSf+i+l9/IYcKSk8fnrvZBsbL4QSdPzr39E9gf7nSbLvxo4Nb99KvCDJuOTSDqe\nbCjqpIjY3mTsgQ13F1HgfQUQEfdExPSImJu/v9aSXaDeUKDMmQ1330HB91XuP8gu4iHpILKLw081\nEe9NKnYZ6iuIeafhBLJez0PAp5uIW0b2b1UX2Zvv9CZijyb7t/Vusn+BVwInFIx9FXBnHruKhKvA\nwLE0MZuCbLbJXflxbzOvUx5/KFk2qrvJ/oCmNBE7AXga2Cfh57yArEFZBfwb+VX3grE/J/vQuAtY\n2Ox7AdgXuAF4gOyK/9QmYt+R394BbKQhSUyB2AfJroPsel/1NyOir9jv5a/V3cAPgVkp7336mXnT\nT5n/BtyTl3k1MLOJ+o4Bvp3X+Q7guGbqC1wK/HWz76uReHgFnplZDdRhmMLMbNRzY2xmVgNujM3M\nasCNsZlZDbgxNjOrATfGZmY14MbYzKwG3BibmdXA/wcE4fisSFVQ8gAAAABJRU5ErkJggg==\n",
      "text/plain": [
       "<Figure size 432x288 with 2 Axes>"
      ]
     },
     "metadata": {
      "tags": []
     },
     "output_type": "display_data"
    }
   ],
   "source": [
    "ax = seaborn.heatmap(rdm / np.sqrt(500), cmap='rainbow')"
   ]
  },
  {
   "cell_type": "markdown",
   "metadata": {
    "colab_type": "text",
    "id": "o4Kvz3v5eCwm"
   },
   "source": [
    "## Сorrelation distance requires too much RAM. Below is more efficient implementation working around this problem by explicit memory management"
   ]
  },
  {
   "cell_type": "code",
   "execution_count": 0,
   "metadata": {
    "colab": {
     "base_uri": "https://localhost:8080/",
     "height": 1000
    },
    "colab_type": "code",
    "id": "HUsqpOF7eFKx",
    "outputId": "d9a25ba5-2b31-4fe9-c737-3902ff4e8516"
   },
   "outputs": [
    {
     "name": "stdout",
     "output_type": "stream",
     "text": [
      "0 1\n",
      "0 2\n",
      "0 3\n",
      "0 4\n",
      "0 5\n",
      "0 6\n",
      "0 7\n",
      "0 8\n",
      "0 9\n",
      "0 10\n",
      "0 11\n",
      "0 12\n",
      "0 13\n",
      "0 14\n",
      "0 15\n",
      "0 16\n",
      "0 17\n",
      "1 2\n",
      "1 3\n",
      "1 4\n",
      "1 5\n",
      "1 6\n",
      "1 7\n",
      "1 8\n",
      "1 9\n",
      "1 10\n",
      "1 11\n",
      "1 12\n",
      "1 13\n",
      "1 14\n",
      "1 15\n",
      "1 16\n",
      "1 17\n",
      "2 3\n",
      "2 4\n",
      "2 5\n",
      "2 6\n",
      "2 7\n",
      "2 8\n",
      "2 9\n",
      "2 10\n",
      "2 11\n",
      "2 12\n",
      "2 13\n",
      "2 14\n",
      "2 15\n",
      "2 16\n",
      "2 17\n",
      "3 4\n",
      "3 5\n",
      "3 6\n",
      "3 7\n",
      "3 8\n",
      "3 9\n",
      "3 10\n",
      "3 11\n",
      "3 12\n",
      "3 13\n",
      "3 14\n",
      "3 15\n",
      "3 16\n",
      "3 17\n",
      "4 5\n",
      "4 6\n",
      "4 7\n",
      "4 8\n",
      "4 9\n",
      "4 10\n",
      "4 11\n",
      "4 12\n",
      "4 13\n",
      "4 14\n",
      "4 15\n",
      "4 16\n",
      "4 17\n",
      "5 6\n",
      "5 7\n",
      "5 8\n",
      "5 9\n",
      "5 10\n",
      "5 11\n",
      "5 12\n",
      "5 13\n",
      "5 14\n",
      "5 15\n",
      "5 16\n",
      "5 17\n",
      "6 7\n",
      "6 8\n",
      "6 9\n",
      "6 10\n",
      "6 11\n",
      "6 12\n",
      "6 13\n",
      "6 14\n",
      "6 15\n",
      "6 16\n",
      "6 17\n",
      "7 8\n",
      "7 9\n",
      "7 10\n",
      "7 11\n",
      "7 12\n",
      "7 13\n",
      "7 14\n",
      "7 15\n",
      "7 16\n",
      "7 17\n",
      "8 9\n",
      "8 10\n",
      "8 11\n",
      "8 12\n",
      "8 13\n",
      "8 14\n",
      "8 15\n",
      "8 16\n",
      "8 17\n",
      "9 10\n",
      "9 11\n",
      "9 12\n",
      "9 13\n",
      "9 14\n",
      "9 15\n",
      "9 16\n",
      "9 17\n",
      "10 11\n",
      "10 12\n",
      "10 13\n",
      "10 14\n",
      "10 15\n",
      "10 16\n",
      "10 17\n",
      "11 12\n",
      "11 13\n",
      "11 14\n",
      "11 15\n",
      "11 16\n",
      "11 17\n",
      "12 13\n",
      "12 14\n",
      "12 15\n",
      "12 16\n",
      "12 17\n",
      "13 14\n",
      "13 15\n",
      "13 16\n",
      "13 17\n",
      "14 15\n",
      "14 16\n",
      "14 17\n",
      "15 16\n",
      "15 17\n",
      "16 17\n"
     ]
    }
   ],
   "source": [
    "n = len(files_sorted)\n",
    "rdm = np.zeros((n,n))\n",
    "\n",
    "for i, fi in enumerate(files_sorted):\n",
    "  curi = np.load(ROOT_PATH + 'RSA_on_ImageNet/activations/' + fi)\n",
    "  ith = curi[triu_idx]\n",
    "  for j in range(i+1, n):\n",
    "    print(i, j)\n",
    "    fj = files_sorted[j]\n",
    "    curj = np.load(ROOT_PATH + 'RSA_on_ImageNet/activations/' + fj)\n",
    "    jth = curj[triu_idx]\n",
    "\n",
    "    rdm[i,j] = rdm[j, i] = corr_dist(ith, jth)\n",
    "    del(curj)\n",
    "  del(curi)"
   ]
  },
  {
   "cell_type": "code",
   "execution_count": 0,
   "metadata": {
    "colab": {
     "base_uri": "https://localhost:8080/",
     "height": 920
    },
    "colab_type": "code",
    "id": "ofRyLeCifMYm",
    "outputId": "828c5c58-e3b5-4d05-9fe5-4fbb39444f1f"
   },
   "outputs": [
    {
     "name": "stdout",
     "output_type": "stream",
     "text": [
      "[[0.         0.44618438 0.43311177 0.43225877 0.66315336 0.53558605\n",
      "  0.54386474 0.50656996 0.54737285 0.57465025 0.55669498 0.55866388\n",
      "  0.58350418 0.98389502 0.53976956 0.76663495 0.76822611 0.69280236]\n",
      " [0.44618438 0.         0.39565955 0.37952243 0.56552093 0.47050321\n",
      "  0.47461226 0.44599635 0.48794083 0.51171746 0.48635536 0.48655337\n",
      "  0.51885118 0.98412759 0.47304991 0.68387589 0.68752588 0.65379374]\n",
      " [0.43311177 0.39565955 0.         0.29819499 0.44977432 0.37434621\n",
      "  0.37520289 0.3654799  0.41046981 0.41576248 0.3786022  0.37997907\n",
      "  0.41833275 0.98365126 0.39030933 0.59220776 0.60076341 0.55497266]\n",
      " [0.43225877 0.37952243 0.29819499 0.         0.47892159 0.35856666\n",
      "  0.35961809 0.34094198 0.39304068 0.39741898 0.36071181 0.35955288\n",
      "  0.40013077 0.98398154 0.3512444  0.59814552 0.60410794 0.53376496]\n",
      " [0.66315336 0.56552093 0.44977432 0.47892159 0.         0.44168002\n",
      "  0.42832788 0.48257034 0.51605406 0.46707502 0.41968357 0.40672541\n",
      "  0.45239474 0.98190096 0.47614111 0.27010737 0.28439821 0.59647854]\n",
      " [0.53558605 0.47050321 0.37434621 0.35856666 0.44168002 0.\n",
      "  0.20813452 0.38710606 0.41429406 0.26609268 0.22970697 0.23758521\n",
      "  0.28106761 0.98396497 0.36914072 0.56068224 0.56953531 0.51064762]\n",
      " [0.54386474 0.47461226 0.37520289 0.35961809 0.42832788 0.20813452\n",
      "  0.         0.38818171 0.40739459 0.25363704 0.20511555 0.21347212\n",
      "  0.26165153 0.98433473 0.35973769 0.54246603 0.55128166 0.49808639]\n",
      " [0.50656996 0.44599635 0.3654799  0.34094198 0.48257034 0.38710606\n",
      "  0.38818171 0.         0.41113054 0.41542299 0.38715025 0.37967095\n",
      "  0.41416985 0.98497836 0.36554108 0.60053097 0.6098954  0.54291455]\n",
      " [0.54737285 0.48794083 0.41046981 0.39304068 0.51605406 0.41429406\n",
      "  0.40739459 0.41113054 0.         0.43252254 0.39899844 0.39534465\n",
      "  0.42592775 0.98604912 0.38657525 0.64057755 0.65083502 0.56350131]\n",
      " [0.57465025 0.51171746 0.41576248 0.39741898 0.46707502 0.26609268\n",
      "  0.25363704 0.41542299 0.43252254 0.         0.24182323 0.24178835\n",
      "  0.22763353 0.98440956 0.38376723 0.55947208 0.56887247 0.45586648]\n",
      " [0.55669498 0.48635536 0.3786022  0.36071181 0.41968357 0.22970697\n",
      "  0.20511555 0.38715025 0.39899844 0.24182323 0.         0.17228893\n",
      "  0.22611596 0.98388464 0.34479945 0.50967574 0.517059   0.44556168]\n",
      " [0.55866388 0.48655337 0.37997907 0.35955288 0.40672541 0.23758521\n",
      "  0.21347212 0.37967095 0.39534465 0.24178835 0.17228893 0.\n",
      "  0.21820237 0.9828532  0.33335439 0.48192084 0.48961944 0.4204812 ]\n",
      " [0.58350418 0.51885118 0.41833275 0.40013077 0.45239474 0.28106761\n",
      "  0.26165153 0.41416985 0.42592775 0.22763353 0.22611596 0.21820237\n",
      "  0.         0.98412125 0.3730914  0.52501142 0.53301486 0.41086372]\n",
      " [0.98389502 0.98412759 0.98365126 0.98398154 0.98190096 0.98396497\n",
      "  0.98433473 0.98497836 0.98604912 0.98440956 0.98388464 0.9828532\n",
      "  0.98412125 0.         0.98420293 0.97716545 0.976464   0.98511273]\n",
      " [0.53976956 0.47304991 0.39030933 0.3512444  0.47614111 0.36914072\n",
      "  0.35973769 0.36554108 0.38657525 0.38376723 0.34479945 0.33335439\n",
      "  0.3730914  0.98420293 0.         0.55943122 0.56779379 0.49708569]\n",
      " [0.76663495 0.68387589 0.59220776 0.59814552 0.27010737 0.56068224\n",
      "  0.54246603 0.60053097 0.64057755 0.55947208 0.50967574 0.48192084\n",
      "  0.52501142 0.97716545 0.55943122 0.         0.04721233 0.52517667]\n",
      " [0.76822611 0.68752588 0.60076341 0.60410794 0.28439821 0.56953531\n",
      "  0.55128166 0.6098954  0.65083502 0.56887247 0.517059   0.48961944\n",
      "  0.53301486 0.976464   0.56779379 0.04721233 0.         0.53489852]\n",
      " [0.69280236 0.65379374 0.55497266 0.53376496 0.59647854 0.51064762\n",
      "  0.49808639 0.54291455 0.56350131 0.45586648 0.44556168 0.4204812\n",
      "  0.41086372 0.98511273 0.49708569 0.52517667 0.53489852 0.        ]]\n"
     ]
    }
   ],
   "source": [
    "print(rdm)\n",
    "np.save(ROOT_PATH + 'RSA_on_ImageNet/rdm_imagenet_corr', rdm)"
   ]
  },
  {
   "cell_type": "code",
   "execution_count": 0,
   "metadata": {
    "colab": {},
    "colab_type": "code",
    "id": "4WCGneXtdFbi"
   },
   "outputs": [],
   "source": [
    "rdm = np.load(ROOT_PATH + 'RSA_on_ImageNet/rdm_imagenet_corr.npy')"
   ]
  },
  {
   "cell_type": "code",
   "execution_count": 0,
   "metadata": {
    "colab": {
     "base_uri": "https://localhost:8080/",
     "height": 269
    },
    "colab_type": "code",
    "id": "00Xzlq-JcxuU",
    "outputId": "25834c74-0267-4a9e-b12e-4b4fa6fe9a73"
   },
   "outputs": [
    {
     "data": {
      "image/png": "iVBORw0KGgoAAAANSUhEUgAAAWAAAAD8CAYAAABJsn7AAAAABHNCSVQICAgIfAhkiAAAAAlwSFlz\nAAALEgAACxIB0t1+/AAAADl0RVh0U29mdHdhcmUAbWF0cGxvdGxpYiB2ZXJzaW9uIDMuMC4zLCBo\ndHRwOi8vbWF0cGxvdGxpYi5vcmcvnQurowAAIABJREFUeJzt3XmUXVWZ9/Hvr6aQhJAAkUESDCiw\nTKMCRpx9QdQ30C7QVhRau/UVTdtLbGynha0Lp+5+nfVdS/TtAGknBhUBox0lvIBGbYkECJgEkDBX\nDIMIBEhITc/7xzmJl6KGc/c5VffUze+z1ll1h/OcvevWrX333Wfv5ygiMDOzydfR6gqYme2q3ACb\nmbWIG2AzsxZxA2xm1iJugM3MWsQNsJlZi7gBNjNrETfAZmYt4gbYzKxFuiazsE+LpGV3mwd+lVxm\n31BncmwZZ9718+TYKw9emBzbHUPJsQ92zUyK23fg8eQy9+jflhy7tasnObajxArQ3fufTI59w+7v\nTY5dOnBBcuySCy5Ljk21+a/ml4rf/6gvqXQlpGJ/6IjyZSVwD9jMrEUmtQdsZjapOuvdxyxVO0mL\nJd0qaaOkM6uqlJlZJXo6i20tktwDltQJnA28FugFrpW0PCI2VFU5M7NSuloytFtYmSGIo4GNEXEH\ngKSLgJMAN8BmVg9tPARxAHBvw/3e/LGnkLRE0hpJa9awtERxZmZN6lSxrUUm/CRcRCyFrOVNnYZm\nZpak5j3gMg3wJqBxot+8/DEzs3po4wb4WuAQSQeRNbynAH9bSa3MzKrQwhkORSQ3wBExIOl04HKg\nE1gWEesrq5mZWVktHN8totQYcESsAFZUVBczs2p1te8QRNNSczrs3/XK5DKve+yG5Nht/ekvz7UH\nHpwce0fH3smxnQWXvo/kkcHpSXHbSuRkmNm1PTn2CaYlx5Yxpzs9f0UZt3XMTY7tfcGC5FgNpeUX\neXj2rOQyAfYvFZ1r5x6wmVmttfFJODOzeqv5SbiyuSCWSXpA0rqqKmRmVpnOjmJbi5Qt+VvA4grq\nYWZWvXZeCRcRqyQtqKYqZmYVq/kY8ITXrjEXxIZzlk90cWZmf9HOPeAiGnNBvHfwV84FYWaTp+Y9\nYM+CMLP2VfNZEG6Azax91bwHXHYa2oXAb4HDJPVKOq2aapmZVaCdx4Aj4tSqKmJmVrma94AndQii\nbyhtPKZMPocXzjoyOXbpDb3Jsb95XnouiFsf3is5toz+wbQ360O7p+WQgHK5Kx7atltybBnPmNGa\nXBAbHn9Gcuzagxckx3YODSbFPTh9j+QyAQ4vFZ1zLggzsxbxSTgzsxap+RBEcu0kzZd0taQNktZL\nOqPKipmZldbGJ+EGgA9FxPWSZgHXSboiInxZejOrh5r3gMtckmgzsDm//Zikm8kuS+8G2MzqYVc4\nCZcn5DkSWF3F8czMKlHzHnDp2knaHfgR8IGI2DLC8zuT8dx67o/LFmdmVlx3Z7GtRUr1gCV1kzW+\n50fEJSPt05iM5139/+1kPGY2eWreA05ugCUJOA+4OSK+Ul2VzMwqUvMx4DIfDy8H/g54taS1+XZC\nRfUyMyuv5pckKjML4tdAvT9ezGzXVvMe8JRYCbetP72aZfI5LDlyXnLs9lifHPtkf2tOCmzbnvY6\nz5meXt8O0k8LbO1rzdt3a3dryn3o8RI5N2am5XMA6BxK+xs91jktuczKdLTpGLCZWe3VPBdEvT8e\nzMzKqHApsqTFkm6VtFHSmSM8f2CenuEGSTcVOSdWJhfEbpJ+J+nGPBfEp1OPZWY2ITo6im3jkNQJ\nnA0cDywETpW0cNhunwB+EBFHAqcA3xjvuGWGILYDr46Ix/P5wL+W9LOIuKbEMc3MqlPdSbijgY0R\ncQeApIuAk3hq6oUAdiRBng38cbyDlpkFEcDj+d3ufPNCCzOrj4JTzCQtAZY0PLQ0X0S2wwHAvQ33\ne4EXDzvMp4CVkt4PzAReM165ZVfCdQLXAc8Bzo4I54Iws/oouMy4ccVuCacC34qIL0t6KfBdSYdH\nxNBoAaVOwkXEYEQcAcwDjpb0tKuIOBeEmbVMh4pt49sEzG+4Py9/rNFpwA8AIuK3wG7A3DGrV/gX\nGUNEPAJcDSwe4bmlEbEoIhYd9u6TqijOzKyY6lbCXQscIukgST1kJ9mWD9vnHuA4AEnPJWuAHxzr\noGVmQTxD0pz89nTgtcAtqcczM6tcRT3giBgATgcuB24mm+2wXtJnJJ2Y7/Yh4D2SbgQuBN6Znysb\nVZkx4P2Bb+fjwB15hX5a4nhmZtWqMM9DRKwAVgx77KyG2xvIcuQUVmYWxE1kSdjNzOqp2Phuy0zq\nUuQz7/p5Uty1Bx6cXOZvnpceWyafwzT9z+TYhf2/To7tj/Sllwd0P5ocu2dsS4rbzKzkMmd07zH+\nTqPYPpjeM9pvtyeSY8v0yI7Z/+7k2Lf+6uTk2O6eUU/ij+k7Cy9NLhOgxFvjL1qYbL0I54Kw0lIb\nX7MJ164J2c3Maq/dhyDyk3BrgE0R8fryVTIzq8gukI7yDLJpGekDcmZmE6HmCdlLfTxImgf8NXBu\nNdUxM6tQRdnQJkrZHvDXgI9SzflKM7Nqddd7CKLMSrjXAw9ExHXj7LczF8T3L7o+tTgzs+a1cQ/4\n5cCJedb33YA9JH0vIt7euFNjlqE/3HaW01Wa2aQZKjgLolVNcHK5EfGxiJgXEQvIElNcNbzxNTNr\npaGOjkJbq3gesJm1raI94FappAGOiF8Av6jiWGZmVekvuBS5Z4LrMZpJ7QFfefDwa9gVc0fH3sll\n3vrwXsmxT/anryMvk89hXvcrkmO/ft6W5NgXvfnO5Ng9evqS4n6y+sDkMuP+9H+bwe700xEz9tue\nHHv2YFpeBYBr/jQvOfYbL07LwwLQGYNJceumPTO5TMjmt5YVu8BCDNvFpTa+ZhNtlxiCMDOro7Zu\ngCXdBTwGDAIDEbGoikqZmVWhlTMciqiiB3xsRPypguOYmVWqrXvAZmZ11t9Z74TsZfvnAayUdJ2k\nJVVUyMysKkMdKrS1StkG+BURcRRwPPA+Sa8avkNjLohfn3NlyeLMzIqLjo5CW6uUGoKIiE35zwck\nXQocDawats/OXBDfHLzIuSDMbNLUfQy4TDa0mZJm7bgNvA5YV1XFzMzKaudcEPsCl0racZwLIiJ9\nuY2ZWcWGVO8ecHIDHBF3AC+osC5mZpUa6Kr3LIhJnYbWHWnr4Ds19YaO+yP9D18mn8Ppp6Vfmm/1\nm9PitvT1ML2rPyn2yW3pr9PcLelv3/4SuSC2zkrLjVBW/2B6b25rZ3rejJ6hgaS4/hrMch1s1x6w\n2Q6pja/ZRNsVVsKZmdVS1LwHXPaqyHMkXSzpFkk3S3ppVRUzMyur7gsxyvaA/w/w84h4s6QeYEYF\ndTIzq8RAzZciJzfAkmYDrwLeCRARfYATw5pZbbTtNDTgIOBB4D8lvQC4DjgjIp6opGZmZiUN1vwk\nXJnadQFHAd+MiCOBJ4Azh+/UmAti1TlXlSjOzKw5Q1KhrVXK9IB7gd6IWJ3fv5gRGuDGXBDnDlww\n9Sb0mtmUVfchiOQecETcB9wr6bD8oeOADZXUysysAnXPhla25PcD50u6CTgC+PfyVTIzq8ZAR0eh\nrQhJiyXdKmmjpKd928/3eYukDZLWS7pgvGOWTUe5FvB14MyslqoagpDUCZwNvJZs+PVaScsjYkPD\nPocAHwNeHhEPS9pnvONO6kq4B7tmJsU9Mjg9ucz+wfRO/rbt6S/PAd2PJse+6M13Jsem5nMAePHs\n9NxK67auSYo7+Zj033VLX3p+gzLvi72nP5kcW0ZnR/oplPlPPJQcO20gLRdE3+ySzUsFU3iHVNnw\nwtHAxjwJGZIuAk7iqcOu7wHOjoiHIcuTPt5B6z1Hw6aE1MbXbKIVnQXROFsr34ZfYu0A4N6G+735\nY40OBQ6V9BtJ10haPF79nAvCzNrWYMFlxo2ztUroAg4BjgHmAaskPS8iHhktoMwVMQ6TtLZh2yLp\nA6nHMzOr2mBHZ6GtgE3A/Ib78/LHGvUCyyOiPyLuBP5A1iCPqsw0tFsj4oiIOAJ4IbAVuDT1eGZm\nVRtChbYCrgUOkXRQnvfmFGD5sH0uI+v9Imku2ZDEHWMdtKohiOOA2yPi7oqOZ2ZWWlWzICJiQNLp\nwOVkpweXRcR6SZ8B1kTE8vy510naAAwCH4mIMc9+VtUAnwJcWNGxzMwqUeEsCCJiBbBi2GNnNdwO\n4IP5Vkjp2uXd8ROBH47y/M6zi79bennZ4szMCmvnXBA7HA9cHxH3j/Rk49nF/82PnQvCzCbNrnBN\nuFPx8IOZ1dCA2jQhO4CkmWRL8/6hmuqYmVWn7teEK5sL4glg74rqYmZWqbqno/RKODNrWwXn+LbM\npDbA+w48nhS3rSs96cpDu6cn8pkzPX38aM/Ylhy7R0/6pfX6h9LfcKk5HQ6fkZ4Q7+6+/06OfbLY\nCqYRdXUMJcf2dAwmx5ax+7T+5Nh9t2xJju0aTPt9N8+ck1wmULdkPBPCPWAza1tt3QOW9M/Au4EA\nfg/8r4hoTa4+M7Nh+mveAy6TjOcA4J+ARRFxONkXhlOqqpiZWVntvhCjC5guqR+YAfyxfJXMzKoR\n7ToEERGbJH0JuAfYBqyMiJWV1czMrKS6n4QrMwSxJ9klOQ4CngnMlPT2EfbbmQvil+dclV5TM7Mm\nVZiOckKUGYJ4DXBnRDwIIOkS4GXA9xp3aswFsWzgfOeCMLNJM1Dzq66VaYDvAV4iaQbZEMRxgC8O\nZma10bbJeCJitaSLgeuBAeAGyl9TycysMm09DzgiPgl8sqK6mJlVaqiNhyDMzGqtbaehpdijPy0/\nwsyu7clldir9vF8H6bGbmZUc+5PVBybHPrktfQH9ycfcmRRXJp/Ds3pelhz73cv+nBxbRvf29H/q\n75Qod6hEno8N+xyQHNsZabkgVncvSC4T4G2lojNtPQRhZlZndZ8FUap2ks6QtE7SekkfqKpSZmZV\nGESFtlYpsxDjcOA9wNHAC4DXS3pOVRUzMysrUKGtVcr0gJ8LrI6IrRExAPwS+JtqqmVmVl7dV8KV\naYDXAa+UtHe+GOMEYH411TIzK28wVGhrleQGOCJuBj4PrAR+DqwFnna6tDEXxBXnrUquqJlZs+re\nAy67EOM84DwASf8O9I6wz85cEBdvO9e5IMxs0gxWcV2jCVT2ihj7RMQDkg4kG/99STXVMjMrb6jo\n8EKLOsFl5wH/SNLeQD/wvoh4pII6mZlVopVTzIooOwTxyqoqYmZWtWjhCbYivBLOzNqWlyI32NrV\nkxT3BNOSy3xo227JsVv70l+eGd17JMfG/WmvE8DcLel13tKXVu6THeknOsrkc/jEG/ZKjr3oX9Py\nkgD0Pjs9N0kZDz4+PTl205zZybHdMZQU1zfU+hNg/VHvpcjuAZtZ2/IQhJlZi9R9CGLc/rmkZZIe\nkLSu4bG9JF0h6bb8554TW00zs+YNhQptrVJkgORbwOJhj50JXBkRhwBX5vfNzGplyi9FjohVwPAz\nJScB385vfxt4Q8X1MjMrrcpsaJIWS7pV0kZJo3Y6Jb1JUkhaNN4xU08R7hsRm/Pb9wH7jlGZnbkg\nrj736sTizMya1z/UUWgbj6RO4GzgeGAhcKqkhSPsNws4A1hdpH6l52hERMDo1+6JiKURsSgiFh37\n7mPLFmdmVthQFNsKOBrYGBF3REQfcBHZSMBwnyVLUvZkkYOmNsD3S9ofIP/5QOJxzMwmTIQKbQUc\nANzbcL83f2wnSUcB8yPiv4rWL7UBXg68I7/9DuDHiccxM5swRWdBNA6V5tuSZsqR1AF8BfhQM3Hj\nzgOWdCFwDDBXUi/wSeBzwA8knQbcDbylmULNzCZD0XnAjWlzR7GJp15wYl7+2A6zgMOBX0gC2A9Y\nLunEiFgz2kHHbYAj4tRRnjpuvFgzs1aqcIrZtcAhkg4ia3hPAf52x5MR8Sgwd8d9Sb8APjxW4wuT\nvBKuI3adfOzbB9PPbw52p79O/WViE+vc1ZGWK6CsMvkcTvlEel6Fr32nLzm2jP7+9PfUFtJzonQr\n7e/72EB6ThOAKnKpD5b4P2wUEQOSTgcuJ6vZsohYL+kzwJqIWJ5yXC9FNrO2VeUii4hYAawY9thZ\no+x7TJFjugE2s7bVymXGRaTmgjhZ0npJQ0VWe5iZtUKF09AmRGouiHVk14DzZY7NrLbqnoynyCyI\nVZIWDHvsZoB8uoWZWS31D9a7jZrwdPGNE5yvOvcXE12cmdlOdR+CmPCTcI0TnL/X9+1dZx6ambVc\n3U/CeRaEmbWtwSE3wGZmLVH3HnCRaWgXAr8FDpPUK+k0SW/M80K8FPgvSZdPdEXNzJoVQ8W2VimT\nC+LSiutiZlapgYqWIk+USR2C2L2/UI7ip5nTnb7m/xkz0mO3dqe/PPvt9kRy7Iz9tifHbp01mBy7\n9/S0v09PR3qZ3dvTvyL2Pjv9dSqTz+EDfz87ObaMuXuk/X0A9o3Hk2M7I+3vu35on+Qyq9LK670V\n4TFgM2tb4ZNwZmatUfByQy2Tmgvii5JukXSTpEslzZnYapqZNW9wSIW2VknNBXEFcHhEPB/4A/Cx\niutlZlba4GBHoa1Vxi05IlYBfx722MqIGMjvXkN2eQ4zs1oZGiq2tUoVTf+7gJ+N9mRjLoiVy35V\nQXFmZsUMDanQ1iqlTsJJ+jgwAJw/2j6NuSAue+I/aj4kbmbtpG2XIkt6J/B64LiIXehib2Y2ZbSy\nd1tEUgMsaTHwUeB/RMTWaqtkZlaNVi4zLmLcBjjPBXEMMDfP//BJslkP04Ar8qTs10TEeyewnmZm\nTUu90vdkSc0Fcd4E1MXMrFKtnOFQhCZ1+FbadcaKO0t88g7W/F1jyT5N+r/AJykxntnTmR6bqi89\nRwhAFZeqmPOb+wq94I+8fL+WDBZ7KbKZta22PAlnZjYV1P3LZGouiM/meSDWSlop6ZkTW00zs+bV\nfSFGai6IL0bE8yPiCOCnwFlVV8zMrKyBfhXaWqXILIhVkhYMe2xLw92ZUOLMgpnZBGnbMWBJ/wb8\nPfAocOwY+y0BlgD8x44bZmaToO7T0JLnSkXExyNiPlkeiNPH2G9pRCyKiEVufM1sMmlIhbZWqWKZ\nyPnAmyo4jplZpToHVWhrldRcEIdExG353ZOAW6qrkplZNboGpvgY8Ci5IE6QdBgwBNwNOA+EmdWO\nSi7Gm2jOBWFmbauzXWdBpFg6cEFS3G0dc5PL3PD4M5JjH3p8enLsMfvfnRx7zZ/Sr/DUX2I8q7Mj\nbTbh7tP6k8ssM03owRJ/n/7+9NMfc/d4Mjn2qrnpv2+ZPBLPfuzbybGdkdaNvH3aPsllAnyiVHSm\no11nQZiZ1V3HoAptRUhaLOlWSRslnTnC8x+UtCFfJXylpGeNW7+E38nMbEqoahqapE7gbOB4YCFw\nqqSFw3a7AViUXy3+YuAL4x03KRdEw3MfkhSS0scIzMwmSHe/Cm0FHA1sjIg7IqIPuIhsBthOEXF1\nwxWCCl0tPjUXBJLmA68D7ilwDDOzSdcxWGwr4ADg3ob7vfljozmNMa4Wv7N+4+0QEauAP4/w1FfJ\nrgvnPBBmVktFhyAkLZG0pmFLXrgr6e3AIuCL4+2buhDjJGBTRNyYXxPOzKx2OgtO4IiIpcDSMXbZ\nBMxvuD8vf+wpJL0G+DjZBYu3j1du0yfhJM0A/oWCKSgbP1lWnXNls8WZmSXrGCq2FXAtcIikgyT1\nAKcAyxt3kHQkWc6xEyPigSIHTekBPxs4CNjR+50HXC/p6Ii4b/jOjZ8sSwcv9HCFmU2aolPMxhMR\nA5JOBy4HOoFlEbFe0meANRGxnGzIYXfgh3nbeE9EnDjWcZtugCPi98DOGdaS7iKbevGnZo9lZjaR\nuipMth4RK4AVwx47q+H2a5o9ZpFpaBcCvwUOk9Qr6bRmCzEza4UKZ0FMiNRcEI3PL6isNmZmFepw\nLoi/WHLBZUlxvS9YkFzm2oPTYztnpn80vvVXJyfHfuPFP0+O3drZkxw7/4mHkuL23bJl/J1GsWGf\nsaZSjm3TnNnJsVvYLTl233g8OZaezuTQMvkcbp/2juTY+w5NO3Xz3Ft+lFwmABW0nVM+G5qZ2VTV\nymTrRbgBNrO21ZWeqG9SJOWCkPQpSZskrc23Eya2mmZmzdOgCm2tkpwLAvhqRByRbytGeN7MrKU6\nB4ttrVJkFsQqSQsmvipmZtVq5RSzIsrkAz49Tzy8TNKeldXIzKwiVSZkn5D6JcZ9k2xJ8hHAZuDL\no+3YmAti6dW3JxZnZtY8DRXbWiVpFkRE3L/jtqRzgJ+Ose9fsgx9963OBWFmk6a7rw2noUnaPyI2\n53ffCDztahlmZq1W9zHgcRvgPBfEMcBcSb3AJ4FjJB1Bloz9LuAfJrCOZmZJpnwDPEouiPMmoC5m\nZpVq5Qm2IqbESjgNpY+Sdw6lfwR2DqUPWXf3lKhzpNe5Z2ggOXbaQFps12CJ17jE79od6a9xd4kz\nL2XqXEaZclPzOQDs94e0Rqz061RB2znle8BmZlOVG2AzsxbpqvksiKRcEPnj75d0i6T1kr4wcVU0\nM0sz5ROyk+WC+DrwnR0PSDoWOAl4QURsl7TPKLFmZi0z5YcgRskF8Y/A53ZcdrnoFUDNzCZT3Rvg\n1KXIhwKvlLRa0i8lvajKSpmZVaFdc0F0AXsBLwE+AvxA+XWYh3MuCDNrla6+YlvL6pcY1wtcEhEB\n/E7SEDAXeHD4js4FYWat0q5DEJcBxwJIOhToAf5UVaXMzKow5WdBjJILYhmwLJ+a1ge8I+8Nm5nV\nxpRfijxKLgiAt1dcFzOzStV9CGJSV8Jt/qv5SXEPz56VXOaD0/dIjn2sc1py7HcWXpocu27aM5Nj\n+0v8Sftmp8VunL0vMwe2J8Wu7l6QFAfQN9SZHPvYQE9y7Pqh9Gnv7+tLbxFun5Ze7nNv+VFybGpO\nhz91vjW5TCDLtViSG2Bre6mNr9lEa+UMhyLcAJtZ25ryPWBJy4DXAw9ExOH5Y98HDst3mQM8EhFH\nTFgtzcwSdKRnZ50USbkgImLn4I6kLwOPVl4zM7OS2mEWxEi5IADIV7+9BXh1tdUyMytvyg9BjOOV\nwP0RcVsVlTEzq1LdG+DUlXA7nApcONYOjbkgvnfJTSWLMzMrrl1zQSCpC/gb4IVj7deYC2Lz9R/2\najkzmzTt3AN+DXBLRPRWVRkzsypVmQtC0mJJt0raKOnMEZ6fJun7+fOrRzt39pT6FSj0QuC3wGGS\neiWdlj91CuMMP5iZtVLHQLFtPJI6gbOB44GFwKmSFg7b7TTg4Yh4DvBV4PPjHTc5F0REvHO8WDOz\nVqpwCOJoYGNE3AEg6SKyy7JtaNjnJOBT+e2Lga9L0liJyrwSzszaVoUn2A4A7m243wu8eLR9ImJA\n0qPA3oyVqjciarEBSxzbnrFTrb6OrXeZE7EBS4A1DduSYc+/GTi34f7fAV8fts86YF7D/duBuWOV\nW3YaWpWWOLZtY6dafR1b7zIrFxFLI2JRw7Z02C6bgMZ0jvPyx0bcJ58lNht4aKxy69QAm5nV1bXA\nIZIOktRDNglh+bB9lgPvyG+/Gbgq8q7waDwGbGY2jsjGdE8HLgc6gWURsV7SZ4A1EbEcOA/4rqSN\nwJ/JGukx1akBHt7ld2z7xE61+jq23mW2RESsAFYMe+yshttPAic3c0yN00M2M7MJ4jFgM7MWqUUD\nPN4SvzHilkl6IL86c7Nlzpd0taQNktZLOqOJ2N0k/U7SjXnsp5ssu1PSDZJ+2mTcXZJ+L2mtpDVN\nxs6RdLGkWyTdLOmlBeMOy8vbsW2R9IEmyv3n/DVaJ+lCSbs1EXtGHrd+vDJHei9I2kvSFZJuy3/u\n2UTsyXm5Q5IWNVnuF/PX+SZJl0qa00TsZ/O4tZJWShrxAoFjvfclfUhSSJpbsMxPSdrU8Dc+oZky\nJb0//33XS/pCE7/r9xvKvEvS2pFi21oN5t91ks2XOxjoAW4EFhaMfRVwFLAuodz9gaPy27OAPzRR\nroDd89vdwGrgJU2U/UHgAuCnTdb5LsaZVzhG7LeBd+e3e4A5iX+r+4BnFdz/AOBOYHp+/wfAOwvG\nHk42r3IG2bmK/wc8p5n3AvAF4Mz89pnA55uIfS7ZVV9+ASxqstzXAV357c83We4eDbf/Cfi/RWPz\nx+eTnSi6e6T3yihlfgr4cIG/yUixx+Z/m2n5/X2aqW/D818Gzkp5b0/lrQ494J1L/CKiD9ixxG9c\nEbGK7Gxj0yJic0Rcn99+DLiZrMEoEhsR8Xh+tzvfCg2mS5oH/DVwbtOVTiRpNtk/wHkAEdEXEY8k\nHOo44PaIuLuJmC5gej4vcgbwx4JxzwVWR8TWiBgAfkmWfW9Eo7wXTiL74CH/+YaisRFxc0TcOl4l\nR4ldmdcZ4BqyOaNFY7c03J3JKO+rMd77XwU+mhA3rlFi/xH4XERsz/d5oNlypZ0XdtjlcsvUoQEe\naYlfoYawKnnWoiPJerJFYzrzr0wPAFdERNHYr5H9gww1WU3I/qlWSrpOUjOT2A8CHgT+Mx/6OFfS\nzITym0rAFBGbgC8B9wCbgUcjYmXB8HXAKyXtLWkGcAJPnQhfxL4RsTm/fR+wb5PxVXgX8LNmAiT9\nm6R7gbcBZ423f0PcScCmiLixuSoCcHo+9LFstKGaURxK9ndaLemXkl6UUPYue2GHOjTALSVpd+BH\nwAeG9T7GFBGDkV2IdB5wtKTDC5S14+Km1yVW9xURcRRZRqb3SXpVwbgusq9/34yII4EnyL6SF6Zs\n8vmJwA+biNmTrBd6EPBMYKaktxeJjYibyb6+rwR+DqwFklOrRPY9d1Kn/Ej6ODAAnN9MXER8PCLm\n53GnFyxrBvAvNNFgN/gm8GzgCLIPyi83EdsF7AW8BPgI8IO8R9uMcS/s0K7q0AAXWeI3ISR1kzW+\n50fEJSnHyL/KXw0sLrD7y4ETJd1FNtTyaknfa6KsTfnPB4BLyYZviugFeht66ReTNcjNOB64PiLu\nbyLmNcCdEfFgRPQDlwAvKxocEedFxAsj4lXAw2Tj9M24X9L+APnPEb8eTwRJ7yS7mvjb8sY/xfnA\nmwru+2yyD7ob8/fXPOB6SfvN78nVAAAB4UlEQVSNFxgR9+cdiiHgHIq/ryB7b12SD8v9juyb3dNO\n/o1Gf7mww/ebKLNt1KEBLrLEr3L5p/R5wM0R8ZUmY5+x48y2pOnAa4FbxouLiI9FxLyIWED2e14V\nEYV6hJJmSpq14zbZiZ5Csz8i4j7gXkmH5Q8dx1PT6BWR0ku5B3iJpBn5630c2Vh7IZL2yX8eSPZP\nekGT5TcuDX0H8OMm45NIWkw2zHRiRGxtMvaQhrsnUeB9BRARv4+IfSJiQf7+6iU7yXxfgTL3b7j7\nRgq+r3KXkZ2IQ9KhZCd4R8/+9XS79oUdWn0WMO8cnEDWu7kd+HgTcReSfWXqJ3vDndZE7CvIvpLe\nRPb1di1wQsHY5wM35LHrSDh7CxxDE7MgyGaJ3Jhv65t5nfL4I8iyPN1E9k+zZxOxM8mSisxO+D0/\nTdaIrAO+S362vGDsr8g+KG4Ejmv2vUCWCvBK4DayM/V7NRH7xvz2duB+4PImYjeSndfY8b4abSbD\nSLE/yl+rm4CfAAekvPcZZcbMKGV+F/h9XuZyYP8m6tsDfC+v8/XAq5upL/At4L3Nvq/aZfNKODOz\nFqnDEISZ2S7JDbCZWYu4ATYzaxE3wGZmLeIG2MysRdwAm5m1iBtgM7MWcQNsZtYi/x+YLo//hTXd\nMgAAAABJRU5ErkJggg==\n",
      "text/plain": [
       "<Figure size 432x288 with 2 Axes>"
      ]
     },
     "metadata": {
      "tags": []
     },
     "output_type": "display_data"
    }
   ],
   "source": [
    "ax = seaborn.heatmap(rdm, cmap='rainbow')"
   ]
  },
  {
   "cell_type": "markdown",
   "metadata": {
    "colab_type": "text",
    "id": "lfI-g-AEdr3r"
   },
   "source": [
    "### Use model RDM as precomputed distance measure in MDS"
   ]
  },
  {
   "cell_type": "code",
   "execution_count": 0,
   "metadata": {
    "colab": {},
    "colab_type": "code",
    "id": "DQSd5FeIdYD5"
   },
   "outputs": [],
   "source": [
    "mds = MDS(n_components=2, n_init=200, max_iter=2000, eps=0.0001, dissimilarity='precomputed')\n",
    "data_embedded = mds.fit_transform(rdm)"
   ]
  },
  {
   "cell_type": "code",
   "execution_count": 0,
   "metadata": {
    "colab": {
     "base_uri": "https://localhost:8080/",
     "height": 269
    },
    "colab_type": "code",
    "id": "e-HmnZRfdh5S",
    "outputId": "9e884c99-ba2d-46a5-d576-493e340dafca"
   },
   "outputs": [
    {
     "data": {
